$ANSIBLE_VAULT;1.1;AES256
66633263626163343866653839613561343363653730363262666566626339336132306362626637
3530663266653931643432666363343737656236306334610a623565306539613561346238313839
62613739326138646633386263646337323230333735373537303235383864396265303539646163
6537383066633963340a323634333031333366663731336630656135663261383063653261343932
61653834323038666465643332386633613839653765613139653931653836306564316462326635
34653030303838653065663634346164633837323563323837366132353738383533666431663035
37326435326135636230343061343333313964376537366637646461323964653762336331306333
36663362386463623363366565366165633239636661353663663066643661623166313664613065
64623333633863636664303834636637356466336632303730666433656332643663333334663031
30666334313938646136626264313566646638663139626465623336383232366232386239623837
34366631626135363831613439636439623838333033643230666164346232666561353265626434
36383361616336666563343039383836383631323039613830653863613166336234613032613139
65656137316335306566623766313131616565333665313637663838303834396264666265336164
38626239643635323636356136336464343736396333643035633338383137636237336436663532
38393364366464313933643437336631633335623835663635333534396238366237393862356364
31333562356563343361393065613138366561643430343838303833643432313564663466376437
64313430613463356338333331616433616633366461363338356164383333336237363962663836
62613837316264393932366261626430313762643064666532303165353334636461656633656133
65653538633632303137383531643031373663346463396539346365356338623631333935363566
36636261643830343761626332393839343534306539643939333161363439306535663832396265
33373165613362316633326265303334306161383361343064396465613832663161663239343939
61326164383162363137633966616361383166353537373030613165333533316466666633373932
39396236636237613966353236623661626561636433653761663639653738386131393366333263
35313838373530393266366566616533653964383333393565323265393136616535383537653563
37353531336635626235653434366138356439396562383638356239396330343131663633653533
61393465373736343663663634303963346562313636326561623131363937346134646163313966
33363232666431613139636333626561613430323166303533383634623132663934646336626666
39313538336562373464306430643830336138653865316233383635393533656433663737303035
36616430383033393230373033343361333137363665653134343432393462356330306438303431
37313961663064393739636336616236633263666331343735316538373630303530376433633930
30346133303531653664336565613230303064333961313036663561303135623432393962356133
61623464343865373165346237346533366664636161313263346634363161376638656231643462
32336334616533343936396264333139316263316533353736633963633231613431646365623934
65653964623932656465396337386139623930383232356630376333303863666465366631643835
35313764363866646336613364613031346537393066363635326266643232643537303864323538
34373335376233656365383036313438643866333166626361343334643935373237353462353834
38646464303436326635343638663638346564326238626264383535346166366237626362336536
61316331336361626131326534636637313666636330366163636462623761363837643832323539
32653762303666326461663639353962613437663238656330666231643261313232666166343033
63356331643638326234326466613439636236353631323039616163613163396165336664656165
38636534653764353039653234643239646130653934656135343762353131326664393866616234
31353866633433386633656664393939383462393336646636353364626664393731343366363035
65303735376665316536636137623136386236386265383130336231363734303966376265326131
64613832346262336462633430396439626638393232386336343362393839633837636437663965
65663134633333616262346662623561383865613436303061313435356662623135323261313363
30373037333836656339316136373636386462313339343163626231323165353533366330643638
64613233663565313736323734613536346632303863626262323431323832646465663061383761
33383062623464613965393035363132323534653934393136356135626663366137343037653565
62643963333530353365633237643366646639613861633835636234663866373764626266633939
64386262336233383961623564336538343031333837386465316337373736616536373061333464
61363437336434613237346537616462336361306234343363343039313966313231643630353130
37626335623132336636666137373466383664336335653039303736643061396130393834393630
63383839356334386439303230613334626639396566323436343735326132303030663564393236
30313563353136366537393135653266623463353866386363323136306263626661363230643762
31643533383139626339363461653339336332636436303336363064613465366531346266316362
34613933643534326433316430613234613262666131663061316663613463303066653636663433
34343736633233316665353662356166336666316235616338646663626466343065373135626334
35393461326539326630313438383765653962333431643665616637646262373536326662633431
65326333396461633232323932353362646338613761643264393165633334316533633334343332
66356264626363343531386430383864636265613935333735313834633534366432306434313365
64643239373265333764626632376234316539303434663436653730613436313131663762613133
34346661333236326637386436626461333265326534623363633964636139633035653762636437
36316665313466663231393761313963623262363436633765356634646164333832316634353136
66336461356665616139646235346336613165323032356661646563633135396364656163383661
34306632336537373335306639366335373233343338646433613533623037643237363430666265
35623936616661363935363766376465343439363037633138666563313339623332333530626663
62356339616662393034336330376362313936366231373539393537323865363937356537383939
64316163383162613737646536613161353638653761663866623862663732623237336630613566
61663164613133373262663532376432343131343235616439303463363139343462373365333433
31643161303530623338343335626164663835666362383936383535383566393234343461373536
61633066666439623534353332316336663834636466336134313336343962316133646165333665
31636131323631653333613464656463323338386163386439653135623434633365333366616635
37363865636564323335633632343264623335303032653737323937643761333964663530366361
34366566326632653661643034383666613630336637383339383565383133333037666664376162
38373737623935313365366332303132663339636330346266336330363932633039633861363432
63373330343535666233333364386266333738326532373163303635656265303963366461333632
32623764343232643764356533343263353630336434383532396161633565366164313034346132
34633535653465336634633763303263393231613638376139373665623061326338643233646638
32303662316431623261346233643337356365383938316331623535313831663961666337653466
66653130306338316164343261326263613065613533643239643365373031383939383163356338
63303736643234636133626331366465333837663135313465326336653336653139396337373837
34303630326333646435663539343835623230306362663732356566653063663062313966613834
64643036323639326235316436323164356663333662393233393831623932323231303664623337
64663164336162653864663764303365613338316238363266383764653139366462393561376530
39343731373935383434396637633832336466316332626639643665613935396536656362313530
31306336663063643930363638303962353035353131663837613235363639663639363234636331
35383633346464613265663430623533333961383438313738333832363933663539316265356566
63393930333062373064623231333963373665333062623761653736333935366239333438323038
35636163336333373231393737613235633633613263626464333363613434306161373465623137
31323536336435366635356362623430343163613935616161643138613963363632306431623162
30303635653161663062323735383436373535303864653332316235306531346633653039396263
34346233373564363737646132643330313434366664313336363735383762653835313466643531
62306662323361393736626165653562623330333035356234376461653138353566646161323166
34383764383434643063633461633034306165636136313235653164363263623435613937306137
38643564663361306164333633363936303239316566346230366264663833383730363866363137
37323364306239333366663230616630363038396364326133626633363465363164323461396531
66636135623836303434623161383833306366626337353037316638383964653638313135376332
38643765656436326563326562616237386331373566376234306638326561356563653235366636
66656565386466323534363764663230383835366439633966666334656564653237326139653364
64306334633336663765363866366131353262343135383564303239363234303464643765326566
62353237353164323533373666303966383064353461383930306465396230633665353039653933
34313935336233613161643930303633656132336638383038323535613236356539656330333364
35666436613032343635643666616431646530303065666365336564313465373637666564353062
36373365306261363335646238326533363734633233623263333665383263393339326161306661
36346634623139663936383034393536613263626339363934353238356233663938613134623133
39313065363438393463636436323630323834353836323761656335643035663864353633363233
31626534646132393164346662353538366531646630626163343061356564343964653563343139
37386132393462336165613137656437373063333330623239643664383961613033626233663236
34663066306132633434656238396166663039643939636534613465656138393035343336393666
39616466353066663261633865306237303762666531366136303361383131613538353166623639
36353635316430363665306130336363656563306333363566656135656132343966653236333063
31323734336332663062663830383437313838613830353037653361333332303263313939366630
64353436303564633634623432333833326261343531613763663437393131643239333864663635
34353037613963356438646666303531663635356364646565373131653862306432326437663638
37623430633531396461643130626436613566646330343261343334376235643561323638663636
64333866653132393833326663626236356264636234633964646262376531333362616566666631
33653038326664343735373064636135626633346332313365353932333961343334316461643764
61343163383531633430386533373062303239653930386130353533633333346232656135353037
65346434663966366436343539323737646561333439396365643232616437306537653532396335
39313431623163363838656563323061623762376336306339303966616335636436366133376134
30643738376564396363663439386433333066636536646132633962346335373731353233373362
64303163366130336131323866373137376432383534626234373165316331393365303265626461
61616164646332636431653066303830633139393737313462333638633735313362313337333735
61303365323462643736346135656363633765613766643364656539346461363561343136393236
33346664306130316162636432656239653535336661663732303562636262336562336466396435
31663337636439303230366565343265343863613662343931353565366330373232643764643563
38336132323161636136383538633635653836633364303539646637336539356632373365356130
39613338656338383434353865663231306230663935623333623365316630656133333733346430
34613736623765666163303730393432643662353630366330666130306439636161613566663035
35306663353133653731313330356130663761393731636562616232616331316261333030303539
37666266656163383665353037343130366462653662626434623833363163363066326462633162
63633734656531356536663765663939333861343865313734353162393136306137636566353062
3264
